Index: test/unit/src/edu/arizona/kfs/module/ld/batch/laborEncumbranceAdjustmentJobTest.properties
===================================================================
--- test/unit/src/edu/arizona/kfs/module/ld/batch/laborEncumbranceAdjustmentJobTest.properties	(revision 14053)
+++ test/unit/src/edu/arizona/kfs/module/ld/batch/laborEncumbranceAdjustmentJobTest.properties	(revision 14054)
@@ -1,16 +1,16 @@
 deliminator = ,
-fieldNames  = emplid,employeeRecord,positionNumber,universityFiscalYear,chartOfAccountsCode,accountNumber,subAccountNumber,financialObjectCode,financialSubObjectCode,financialBalanceTypeCode,financialObjectTypeCode,universityFiscalPeriodCode,financialDocumentTypeCode,financialSystemOriginationCode,documentNumber,transactionLedgerEntrySequenceNumber,transactionLedgerEntryAmount,transactionDebitCreditCode,transactionDate,organizationDocumentNumber,projectCode,organizationReferenceId,referenceFinancialDocumentTypeCode,referenceFinancialSystemOriginationCode,referenceFinancialDocumentNumber,financialDocumentReversalDate,transactionEncumbranceUpdateCode,
+fieldNames  = emplid,employeeRecord,positionNumber,universityFiscalYear,chartOfAccountsCode,accountNumber,subAccountNumber,financialObjectCode,financialSubObjectCode,financialBalanceTypeCode,financialObjectTypeCode,universityFiscalPeriodCode,financialDocumentTypeCode,financialSystemOriginationCode,documentNumber,transactionLedgerEntrySequenceNumber,transactionLedgerEntryAmount,transactionDebitCreditCode,transactionDate,organizationDocumentNumber,projectCode,organizationReferenceId,referenceFinancialDocumentTypeCode,referenceFinancialSystemOriginationCode,referenceFinancialDocumentNumber,financialDocumentReversalDate,transactionEncumbranceUpdateCode,transactionLedgerEntryDescription,
 
 # just need 1 record to get the fiscal year
 testBuildEncumbranceBalanceFileStep_NoBalances.numData=1
-testBuildEncumbranceBalanceFileStep_NoBalances.testData.1=1111111111,1,1111,2010,ZZ,2345678,-----,XYZA,---,IE,EX,08,LLPE,UE,654321,2,200,D,2010-02-28,,----------,,,,,,,
+testBuildEncumbranceBalanceFileStep_NoBalances.testData.1=1111111111,1,1111,2010,ZZ,2345678,-----,XYZA,---,IE,EX,08,LLPE,UE,654321,2,200,D,2010-02-28,,----------,,,,,,,Unused Description,
 
 sortEncumbranceFile.numData=5
-sortEncumbranceFile.testData.1=2222222222,2,2222,2010,ZZ,2345678,-----,XYZA,---,IE,EX,08,LLPE,UE,654321,2,200,D,2010-02-28,,----------,,,,,,,
-sortEncumbranceFile.testData.2=1111111111,1,1111,2010,ZZ,1234567,-----,XYZA,---,IE,EX,08,LLPE,UE,654321,1,100,D,2010-02-28,,----------,,,,,,,
-sortEncumbranceFile.testData.3=4444444444,4,4444,2010,ZZ,4567890,-----,XYZA,---,IE,EX,08,LLPE,UE,654321,4,400,D,2010-02-28,,----------,,,,,,,
-sortEncumbranceFile.testData.4=5555555555,5,5555,2010,ZZ,5678901,-----,XYZA,---,IE,EX,08,LLPE,UE,654321,5,500,D,2010-02-28,,----------,,,,,,,
-sortEncumbranceFile.testData.5=3333333333,3,3333,2010,ZZ,3456789,-----,XYZA,---,IE,EX,08,LLPE,UE,654321,3,300,D,2010-02-28,,----------,,,,,,,
+sortEncumbranceFile.testData.1=2222222222,2,2222,2010,ZZ,2345678,-----,XYZA,---,IE,EX,08,LLPE,UE,654321,2,200,D,2010-02-28,,----------,,,,,,,Employee 2222222222,
+sortEncumbranceFile.testData.2=1111111111,1,1111,2010,ZZ,1234567,-----,XYZA,---,IE,EX,08,LLPE,UE,654321,1,100,D,2010-02-28,,----------,,,,,,,Employee 1111111111,
+sortEncumbranceFile.testData.3=4444444444,4,4444,2010,ZZ,4567890,-----,XYZA,---,IE,EX,08,LLPE,UE,654321,4,400,D,2010-02-28,,----------,,,,,,,Employee 4444444444,
+sortEncumbranceFile.testData.4=5555555555,5,5555,2010,ZZ,5678901,-----,XYZA,---,IE,EX,08,LLPE,UE,654321,5,500,D,2010-02-28,,----------,,,,,,,Employee 5555555555,
+sortEncumbranceFile.testData.5=3333333333,3,3333,2010,ZZ,3456789,-----,XYZA,---,IE,EX,08,LLPE,UE,654321,3,300,D,2010-02-28,,----------,,,,,,,Employee 3333333333,
 # The bad line logic doesn't really work, since it goes through a process in making the 
 # file which corrects the bad data :(
 # this is a bad line - should not parse
@@ -33,22 +33,22 @@
 
 adjustmentTestResults.numData=6
 # net of the 11111111111 lines
-adjustmentTestResults.testData.1=1111111111,1,1111,2010,ZZ,1234567,-----,XYZA,---,IE,EX,08,LLPE,UE,654321,1,245,C,2010-02-28,,----------,,,,,,,
+adjustmentTestResults.testData.1=1111111111,1,1111,2010,ZZ,1234567,-----,XYZA,---,IE,EX,08,LLPE,UE,654321,1,245,C,2010-02-28,,----------,,,,,,,Employee 1111111111,
 # net of the 33333333333 lines
-adjustmentTestResults.testData.2=3333333333,3,3333,2010,ZZ,3456789,-----,XYZA,---,IE,EX,08,LLPE,UE,654321,3,50,D,2010-02-28,,----------,,,,,,,
+adjustmentTestResults.testData.2=3333333333,3,3333,2010,ZZ,3456789,-----,XYZA,---,IE,EX,08,LLPE,UE,654321,3,50,D,2010-02-28,,----------,,,,,,,Employee 3333333333,
 # full creation of the 444444444 encumbrance
-adjustmentTestResults.testData.3=4444444444,4,4444,2010,ZZ,4567890,-----,XYZA,---,IE,EX,08,LLPE,UE,654321,4,400,D,2010-02-28,,----------,,,,,,,
+adjustmentTestResults.testData.3=4444444444,4,4444,2010,ZZ,4567890,-----,XYZA,---,IE,EX,08,LLPE,UE,654321,4,400,D,2010-02-28,,----------,,,,,,,Employee 4444444444,
 # Creation of the 5555555555 line with the 5678901 account
-adjustmentTestResults.testData.4=5555555555,5,5555,2010,ZZ,5678901,-----,XYZA,---,IE,EX,08,LLPE,UE,654321,5,500,D,2010-02-28,,----------,,,,,,,
+adjustmentTestResults.testData.4=5555555555,5,5555,2010,ZZ,5678901,-----,XYZA,---,IE,EX,08,LLPE,UE,654321,5,500,D,2010-02-28,,----------,,,,,,,Employee 5555555555,
 # Clearing of the 5555555555 line from the balance file
-adjustmentTestResults.testData.5=5555555555,,5555,2010,ZZ,9090909,-----,XYZA,---,IE,EX,08,LLPE,UE,654321,,450,C,2010-02-28,,----------,,,,,,,
+adjustmentTestResults.testData.5=5555555555,,5555,2010,ZZ,9090909,-----,XYZA,---,IE,EX,08,LLPE,UE,654321,,450,C,2010-02-28,,----------,,,,,,,Employee 5555555555,
 # clearing of the 6666666666 balance line (no match in data file)
-adjustmentTestResults.testData.6=6666666666,,6666,2010,ZZ,8080808,-----,XYZA,---,IE,EX,08,LLPE,UE,654321,,600,C,2010-02-28,,----------,,,,,,,
+adjustmentTestResults.testData.6=6666666666,,6666,2010,ZZ,8080808,-----,XYZA,---,IE,EX,08,LLPE,UE,654321,,600,C,2010-02-28,,----------,,,,,,,Employee 6666666666,
 
 # nightly out file for use in testing the append process
 nightlyOutFile.numData=5
-nightlyOutFile.testData.1=1111111111,1,1111,2010,ZZ,1234567,-----,XYZA,---,IE,EX,08,LLPE,UE,654321,1,100,D,2010-02-28,,----------,,,,,,,
-nightlyOutFile.testData.2=5555555555,5,5555,2010,ZZ,5678901,-----,XYZA,---,IE,EX,08,LLPE,UE,654321,5,500,D,2010-02-28,,----------,,,,,,,
-nightlyOutFile.testData.3=3333333333,3,3333,2010,ZZ,3456789,-----,XYZA,---,IE,EX,08,LLPE,UE,654321,3,300,D,2010-02-28,,----------,,,,,,,
-nightlyOutFile.testData.4=4444444444,4,4444,2010,ZZ,4567890,-----,XYZA,---,IE,EX,08,LLPE,UE,654321,4,400,D,2010-02-28,,----------,,,,,,,
-nightlyOutFile.testData.5=2222222222,2,2222,2010,ZZ,2345678,-----,XYZA,---,IE,EX,08,LLPE,UE,654321,2,200,D,2010-02-28,,----------,,,,,,,
+nightlyOutFile.testData.1=1111111111,1,1111,2010,ZZ,1234567,-----,XYZA,---,IE,EX,08,LLPE,UE,654321,1,100,D,2010-02-28,,----------,,,,,,,Employee 1111111111,
+nightlyOutFile.testData.2=5555555555,5,5555,2010,ZZ,5678901,-----,XYZA,---,IE,EX,08,LLPE,UE,654321,5,500,D,2010-02-28,,----------,,,,,,,Employee 5555555555,
+nightlyOutFile.testData.3=3333333333,3,3333,2010,ZZ,3456789,-----,XYZA,---,IE,EX,08,LLPE,UE,654321,3,300,D,2010-02-28,,----------,,,,,,,Employee 3333333333,
+nightlyOutFile.testData.4=4444444444,4,4444,2010,ZZ,4567890,-----,XYZA,---,IE,EX,08,LLPE,UE,654321,4,400,D,2010-02-28,,----------,,,,,,,Employee 4444444444,
+nightlyOutFile.testData.5=2222222222,2,2222,2010,ZZ,2345678,-----,XYZA,---,IE,EX,08,LLPE,UE,654321,2,200,D,2010-02-28,,----------,,,,,,,Employee 2222222222,
Index: test/unit/src/edu/arizona/kfs/module/ld/batch/LaborEncumbranceAdjustmentJobTest.java
===================================================================
--- test/unit/src/edu/arizona/kfs/module/ld/batch/LaborEncumbranceAdjustmentJobTest.java	(revision 14053)
+++ test/unit/src/edu/arizona/kfs/module/ld/batch/LaborEncumbranceAdjustmentJobTest.java	(revision 14054)
@@ -103,11 +103,11 @@
             // get file names
             balanceFile     = new File( batchDirectory + File.separator + LaborEncumbranceAdjustmentService.ENCUMBRANCE_BALANCE_FILE      + GeneralLedgerConstants.BatchFileSystem.EXTENSION );
             inputFile       = new File( batchDirectory + File.separator + LaborEncumbranceAdjustmentService.ENCUMBRANCE_INPUT_FILE        + GeneralLedgerConstants.BatchFileSystem.EXTENSION );
-            processedInputFile = new File( processedFileDirectory + File.separator + LaborEncumbranceAdjustmentService.ENCUMBRANCE_INPUT_FILE + "." + SpringContext.getBean(DateTimeService.class).toDateTimeStringForFilename(jobRunDate) + GeneralLedgerConstants.BatchFileSystem.EXTENSION );
+            processedInputFile = new File( processedFileDirectory + File.separator + LaborEncumbranceAdjustmentService.ENCUMBRANCE_INPUT_FILE + "-" + SpringContext.getBean(DateTimeService.class).toDateTimeStringForFilename(jobRunDate) + GeneralLedgerConstants.BatchFileSystem.EXTENSION );
             inputDoneFile   = new File( batchDirectory + File.separator + LaborEncumbranceAdjustmentService.ENCUMBRANCE_INPUT_FILE        + GeneralLedgerConstants.BatchFileSystem.DONE_FILE_EXTENSION );
             sortedInputFile = new File( batchDirectory + File.separator + LaborEncumbranceAdjustmentService.SORTED_ENCUMBRANCE_INPUT_FILE + GeneralLedgerConstants.BatchFileSystem.EXTENSION );
-            outputFile      = new File( batchDirectory + File.separator + LaborEncumbranceAdjustmentService.ENCUMBRANCE_OUTPUT_FILE       + "." + SpringContext.getBean(DateTimeService.class).toDateTimeStringForFilename(jobRunDate) + GeneralLedgerConstants.BatchFileSystem.EXTENSION );
-            errorFile       = new File( batchDirectory + File.separator + LaborEncumbranceAdjustmentService.ENCUMBRANCE_ERROR_FILE        + "." + SpringContext.getBean(DateTimeService.class).toDateTimeStringForFilename(jobRunDate) + GeneralLedgerConstants.BatchFileSystem.EXTENSION );
+            outputFile      = new File( batchDirectory + File.separator + LaborEncumbranceAdjustmentService.ENCUMBRANCE_OUTPUT_FILE       + "-" + SpringContext.getBean(DateTimeService.class).toDateTimeStringForFilename(jobRunDate) + GeneralLedgerConstants.BatchFileSystem.EXTENSION );
+            errorFile       = new File( batchDirectory + File.separator + LaborEncumbranceAdjustmentService.ENCUMBRANCE_ERROR_FILE        + "-" + SpringContext.getBean(DateTimeService.class).toDateTimeStringForFilename(jobRunDate) + GeneralLedgerConstants.BatchFileSystem.EXTENSION );
         }
         LOG.info("Deleting all files from " + buildEncumbranceBalanceFileStep.getBatchFileDirectoryName() );
         // clear out any existing files
